1.93681640625  0.005944921875
1.93359375  0.00596748046875
2.05283203125  0.00686982421875
2.05283203125  0.00686982421875
2.05283203125  0.00686982421875
2.152734375  0.007569140625
2.152734375  0.007569140625
2.152734375  0.007569140625
2.26875  0.00856171875
2.27197265625  0.00838125
2.27197265625  0.00840380859375
2.26552734375  0.00840380859375
1.93681640625	0.00605771484375
1.93681640625	0.00605771484375
2.0173828125	0.0069375
2.05283203125	0.00675703125
2.165625	0.007569140625
2.152734375	0.007569140625
2.27197265625	0.00838125
2.281640625	0.00838125
